Sequêncial
100*100
6 [ms]
2 [ms]
2 [ms]
3 [ms]
2 [ms]
2 [ms]
2 [ms]
2 [ms]
2 [ms]
2 [ms]

200*200
19 [ms]
19 [ms]
19 [ms]
25 [ms]
19 [ms]
19 [ms]
19 [ms]
19 [ms]
19 [ms]
19 [ms]

300*300
66 [ms]
64 [ms]
64 [ms]
64 [ms]
64 [ms]
64 [ms]
64 [ms]
64 [ms]
64 [ms]
64 [ms]

400*400
155 [ms]
153 [ms]
154 [ms]
154 [ms]
155 [ms]
154 [ms]
154 [ms]
154 [ms]
154 [ms]
154 [ms]

500*500
299 [ms]
304 [ms]
300 [ms]
301 [ms]
303 [ms]
303 [ms]
302 [ms]
302 [ms]
302 [ms]
303 [ms]

1000*1000
3982 [ms]
3190 [ms]
3102 [ms]
3122 [ms]
3038 [ms]
3045 [ms]
3023 [ms]
3213 [ms]
3025 [ms]
3332 [ms]
 
2000*2000
33350 [ms]
32744 [ms]
32820 [ms]
33330 [ms]
32741 [ms]
32670 [ms]
32780 [ms]
32734 [ms]
32854 [ms]
32836 [ms]


MATRIZ_PROCESSO

32 2000 * 2000
6003 +5959 +6164 +6365 +5836 +6619 +6546 +6597 +6303 +6196 

24 2000 * 2000
6096 +6029 +5054 +6049 +6074 +6092 +6074 +6070 +5138 +5153 

16 2000*2000
5874 +4869 +5842 +5809 +4894 +5828 +5846 +6018 +6332 +6524 

8 2000*2000
5820 +5260 +5756 +5804 +5857 +5799 +5433 +6043 +6033 +5973 

6 2000*2000
5055 +5179 +5136 +5053 +5426 +5409+ 5574 +5827 +5908 +5538 


4 2000*2000
7342 +6904 +7063 +7247 +7379 +7740 +7429 +7344 +7364 +7370 

2 2000*2000
14557 +13851 +13280 +13805 +14043 +13134 +13166 +13969 +13940 +13928



MATRIZ_THREAD
32 2000*2000
5807 +5762 +5834 +5916 +5880 +5878 +5990 +6077 +6052 +6065 
 
24 2000*2000
6099 +5864 +5854 +5818 +5881 +5904 +6035 +6086 +6149 +6135 

16 2000*2000
5410 +6351 +6221 +6048 +6065 +6101 +6228 +6208 +6152 +6273 

8 2000*2000
5310 +5710 +5757 +5781 +5834 +5807 +5830 +5989 +6011 +6028

6 2000*2000
4856 +5478 +5331 +5392 +5492 +5409 +5611 +5560 +5487 +5402 
 
4 2000*2000
7373 +7656 +7235 +7194 +7779 +7820 +7346 +7470 +7399 +7407

2 2000*2000
15022 +14160 +14147 +14165 +14191 +14162 +14191 +14127 +14348 +14115 
